74, 737, 334, 782, 346, 199, 947, 633, 401, 853, 4, 112, 929, 332, 886, 131, 499, 225, 719,
13, 272, 265, 527, 543, 802, 58, 424, 161, 306, 585, 318, 402, 562, 341, 1, 979, 789, 925,
333, 625, 179, 523, 809, 743, 705, 739, 759, 69, 92, 145, 966, 558, 281, 432, 652, 955, 385,
648, 810, 403, 458, 777, 271, 102, 70, 119, 319, 118, 190, 570, 433, 21, 941, 153, 238, 922,
651, 232, 587, 19, 207, 954, 469, 948, 231, 584, 698, 37, 2, 372, 825, 264, 896, 488, 436,
588, 289, 357, 409, 700, 487, 322, 338, 308, 248, 561, 195, 49, 193, 624, 441, 304, 983, 335,
314, 292, 503, 788, 250, 975, 115, 391, 467, 653, 414, 996, 300, 316, 471, 738, 992, 218, 733,
25, 299, 576, 79, 767, 991, 480, 226, 616, 259, 197, 407, 783, 349, 980, 701, 16, 593, 631,
380, 429, 100, 654, 504, 664, 114, 210, 798, 125, 305, 855, 934, 122, 732, 44, 406, 643, 285,
347, 164, 539, 228, 111, 12, 466, 692, 610, 71, 790, 856, 104, 636, 706, 838, 134, 278, 895,
277, 646, 224, 903, 439, 877, 908, 18, 841, 288, 859, 187, 882, 863, 121, 32, 752, 731, 799,
956, 109, 42, 909, 101, 892, 154, 828, 898, 514, 105, 369, 484, 897, 296, 279, 714, 95, 192,
621, 152, 235, 291, 262, 999, 445, 710, 885, 735, 914, 524, 893, 694, 690, 284, 638, 384, 887,
556, 394, 229, 386, 850, 295, 40, 174, 252, 665, 47, 816, 476, 124, 230, 260, 451, 435, 324,
595, 757, 547, 530, 444, 821, 846, 491, 479, 342, 813, 191, 964, 196, 891, 866, 869, 85, 507,
803, 443, 478, 502, 919, 251, 974, 534, 30, 861, 132, 454, 358, 189, 110, 266, 805, 430, 906,
159, 269, 141, 511, 615, 847, 494, 516, 267, 392, 186, 242, 323, 345, 656, 525, 361, 826, 513,
456, 876, 181, 301, 907, 117, 707, 942, 383, 781, 506, 501, 764, 933, 185, 750, 596, 867, 449,
833, 663, 374, 363, 712, 399, 151, 963, 829, 590, 845, 343, 994, 490, 244, 366, 667, 182, 988,
465, 913, 689, 786, 137, 736, 160, 356, 565, 923, 875, 824, 894, 804, 569, 986, 819, 352, 180,
695, 276, 413, 949, 751, 522, 741, 715, 521, 938, 551, 686, 447, 912, 557, 644, 198, 889, 951,
800, 329, 586, 48, 410, 552, 594, 671, 684, 812, 532, 425, 672, 474, 45, 330, 258, 630, 881,
355, 393, 50, 241, 905, 127, 990, 693, 780, 440, 400, 5, 985, 794, 773, 483, 946, 64, 680,
598, 80, 526, 993, 52, 293, 381, 140, 549, 313, 613, 868, 66, 581, 660, 96, 647, 216, 280,
297, 729, 935, 926, 453, 368, 758, 146, 713, 528, 17, 857, 184, 917, 481, 645, 747, 253, 221,
674, 899, 222, 851, 227, 98, 792, 120, 165, 984, 844, 270, 55, 537, 496, 965, 768, 852, 998,
688, 618, 157, 312, 691, 831, 888, 485, 836, 842, 282, 519, 247, 417, 72, 261, 397, 820, 517,
560, 106, 337, 76, 884, 574, 973, 171, 932, 60, 904, 188, 482, 129, 448, 348, 246, 687, 500,
785, 177, 865, 683, 233, 492, 371, 315, 88, 753, 416, 107, 722, 604, 958, 493, 538, 419, 415,
173, 65, 623, 775, 830, 811, 53, 583, 793, 472, 320, 548, 740, 11, 148, 936, 944, 708, 135,
309, 398, 977, 920, 286, 639, 172, 15, 457, 421, 340, 438, 339, 150, 699, 637, 940, 972, 839,
9, 628, 317, 290, 452, 108, 880, 81, 163, 827, 806, 550, 582, 209, 378, 553, 779, 696, 176, 6,
915, 971, 937, 678, 953, 325, 344, 675, 99, 592, 87, 599, 848, 982, 75, 442, 854, 508, 396,
717, 365, 746, 969, 428, 149, 911, 676, 755, 572, 818, 128, 655, 377, 326, 784, 360, 957, 978,
273, 268, 67, 294, 591, 468, 41, 554, 734, 367, 27, 649, 34, 103, 778, 138, 748, 434, 657,
670, 697, 634, 797, 950, 68, 175, 256, 460, 597, 83, 976, 10, 682, 568, 607, 512, 94, 575,
156, 544, 943, 486, 666, 168, 411, 766, 723, 82, 832, 212, 725, 26, 834, 883, 353, 711, 924,
351, 275, 843, 223, 257, 609, 477, 555, 928, 33, 807, 681, 627, 126, 61, 205, 542, 404, 167,
91, 370, 464, 249, 520, 307, 730, 995, 215, 873, 169, 661, 97, 166, 860, 535, 123, 952, 726,
310, 600, 870, 208, 787, 412, 462, 298, 158, 744, 327, 388, 495, 564, 918, 840, 217, 418, 874,
31, 35, 20, 571, 78, 776, 640, 541, 89, 872, 546, 702, 219, 38, 7, 641, 724, 685, 395, 203,
240, 303, 749, 183, 133, 362, 62, 24, 51, 533, 311, 178, 206, 489, 515, 59, 505, 801, 900,
200, 721, 234, 463, 849, 473, 745, 960, 970, 878, 239, 354, 742, 756, 916, 823, 864, 73, 774,
927, 509, 147, 902, 563, 287, 162, 617, 3, 136, 930, 573, 379, 602, 765, 770, 202, 566, 814,
567, 57, 245, 283, 959, 170, 475, 387, 194, 635, 498, 673, 113, 987, 835, 90, 650, 612, 28,
497, 997, 679, 540, 84, 426, 142, 255, 763, 771, 420, 455, 620, 669, 890, 237, 422, 446, 220,
359, 961, 605, 8, 939, 762, 459, 945, 214, 728, 14, 77, 962, 201, 642, 619, 437, 211, 302, 46,
116, 405, 837, 622, 531, 677, 1000, 795, 236, 130, 808, 364, 580, 243, 921, 470, 871, 967,
822, 204, 450, 879, 321, 601, 931, 54, 461, 536, 606, 754, 709, 662, 29, 408, 718, 63, 382,
611, 328, 510, 336, 86, 390, 213, 431, 559, 981, 589, 614, 817, 608, 862, 989, 910, 716, 331,
858, 791, 968, 796, 274, 373, 578, 761, 389, 901, 720, 772, 668, 626, 144, 23, 56, 427, 727,
376, 518, 143, 139, 263, 529, 815, 375, 155, 254, 350, 577, 603, 703, 658, 769, 545, 43, 423,
93, 36, 659, 760, 704, 22, 632, 39, 579, 629